1709588580 , 0.000000  
1709588587 , 0.000000  
1709588593 , 0.087500  
1709588599 , 0.018750  
1709588605 , -0.065625  
1709588611 , -0.107813  
1709588618 , -0.078906  
1709588624 , 0.010547  
1709588630 , 0.055273  
1709588636 , 0.115137  
1709588643 , 0.157568  
1709588649 , 0.128784  
1709588655 , 0.164392  
1709588661 , 0.169696  
1709588668 , 0.122348  
1709588674 , -0.188826  
1709588680 , -0.294413  
1709588686 , -0.397206  
1709588693 , -0.397206  
1709588699 , -0.373603  
1709588705 , -0.411802  
1709588711 , -0.418401  
1709588717 , 0.015800  
1709588724 , 0.220400  
1709588730 , 0.197700  
1709588736 , 0.186350  
1709588743 , 0.186350  
1709588749 , 0.043175  
1709588755 , 0.134088  
1709588761 , -0.157956  
1709588767 , 0.121022  
1709588774 , 0.121022  
1709588780 , 0.160511  
1709588786 , 0.130255  
1709588792 , 0.127628  
1709588799 , 0.138814  
1709588805 , 0.144407  
1709588811 , 0.122203  
1709588817 , 0.086102  
1709588824 , 0.030551  
1709588830 , -0.034725  
1709588836 , -0.179862  
1709588842 , -0.264931  
1709588848 , -0.344966  
1709588855 , 0.027517  
1709588861 , 0.163759  
1709588867 , 0.219379  
1709588873 , 0.209690  
1709588880 , 0.167345  
1709588886 , 0.108672  
1709588892 , 0.104336  
1709588898 , 0.102168  
1709588905 , 0.101084  
1709588911 , 0.100542  
1709588917 , -0.049729  
1709588923 , -0.062364  
1709588930 , -0.093682  
1709588936 , -0.171841  
1709588942 , -0.198421  
1709588948 , -0.211710  
1709588955 , -0.230855  
1709588961 , 0.022072  
1709588967 , 0.173536  
1709588973 , 0.286768  
1709588980 , 0.368384  
1709588986 , 0.359192  
1709588992 , 0.129596  
1709588998 , 0.027298  
1709589004 , -0.073851  
1709589011 , -0.086925  
1709589017 , -0.118463  
1709589023 , -0.121731  
1709589029 , -0.098366  
1709589036 , -0.098366  
1709589042 , 0.038317  
1709589048 , -0.230841  
1709589054 , -0.290421  
1709589061 , -0.332710  
1709589067 , -0.328855  
1709589073 , -0.314428  
1709589079 , -0.282214  
1709589086 , -0.266107  
1709589092 , -0.270553  
1709589098 , -0.247777  
1709589104 , -0.286388  
1709589111 , -0.343194  
1709589117 , -0.359097  
1709589123 , -0.359097  
1709589129 , -0.329549  
1709589135 , -0.329549  
1709589142 , -0.302274  
1709589148 , -0.288637  
1709589154 , -0.294319  
1709589160 , -0.294319  
1709589167 , -0.284659  
1709589173 , -0.354830  
1709589179 , -0.089915  
1709589185 , -0.094957  
1709589192 , -0.059979  
1709589198 , -0.059979  
1709589204 , -0.242489  
1709589210 , -0.308745  
1709589216 , -0.291872  
1709589223 , -0.270936  
1709589229 , -0.270936  
1709589235 , -0.160468  
1709589241 , -0.042734  
1709589247 , 0.066133  
1709589254 , 0.095566  
1709589260 , -0.064717  
1709589266 , 0.205142  
1709589272 , -0.097429  
1709589279 , -0.261215  
1709589285 , 0.081893  
1709589291 , -0.071554  
1709589297 , -0.048277  
1709589303 , -0.011638  
1709589310 , -0.105819  
1709589316 , -0.165410  
1709589322 , -0.257705  
1709589329 , -0.266352  
1709589335 , -0.220676  
1709589341 , -0.222838  
1709589347 , -0.136419  
1709589353 , -0.018210  
1709589360 , -0.018210  
1709589366 , 0.090895  
1709589372 , 0.232948  
1709589378 , -0.021026  
1709589384 , -0.021026  
1709589391 , -0.021026  
1709589397 , -0.085513  
1709589403 , -0.155257  
1709589409 , -0.190128  
1709589415 , -0.190128  
1709589422 , -0.295064  
1709589428 , -0.272532  
1709589434 , -0.286266  
1709589440 , 0.081867  
1709589446 , 0.081867  
1709589453 , 0.153433  
1709589459 , 0.164217  
1709589465 , -0.030392  
1709589471 , -0.127696  
1709589478 , 0.161152  
1709589484 , -0.056924  
1709589490 , -0.265962  
1709589496 , -0.345481  
1709589502 , -0.310240  
1709589509 , 0.044880  
1709589515 , 0.122440  
1709589521 , 0.173720  
1709589527 , 0.173720  
1709589534 , 0.161860  
1709589540 , 0.168430  
1709589546 , 0.168430  
1709589552 , 0.221715  
1709589559 , 0.248357  
1709589565 , 0.274179  
1709589571 , 0.274589  
1709589577 , 0.262295  
1709589584 , 0.268647  
1709589590 , 0.259324  
1709589596 , 0.254662  
1709589602 , 0.277331  
1709589608 , 0.226165  
1709589615 , 0.175583  
1709589621 , 0.250291  
1709589627 , 0.300146  
1709589633 , -0.037427  
1709589640 , -0.193714  
1709589646 , -0.234357  
1709589652 , -0.242178  
1709589658 , -0.171089  
1709589665 , -0.060545  
1709589671 , -0.017772  
1709589677 , -0.008886  
1709589683 , -0.079443  
1709589689 , -0.152222  
1709589696 , -0.176111  
1709589702 , -0.150555  
1709589708 , -0.062778  
1709589715 , -0.031389  
1709589721 , 0.084306  
1709589727 , 0.179653  
1709589733 , 0.179653  
1709589740 , 0.064826  
1709589746 , 0.064826  
1709589752 , 0.044913  
1709589758 , 0.059957  
1709589764 , 0.059957  
1709589771 , -0.007522  
1709589777 , -0.007522  
1709589783 , 0.171239  
1709589789 , 0.160620  
1709589796 , 0.155310  
1709589802 , 0.155310  
1709589808 , 0.115155  
1709589814 , 0.070077  
1709589821 , -0.102461  
1709589827 , -0.238731  
1709589833 , -0.306865  
1709589839 , -0.365933  
1709589846 , 0.017034  
1709589852 , 0.146017  
1709589858 , 0.260508  
1709589864 , 0.305254  
1709589871 , 0.390127  
1709589877 , 0.107564  
1709589883 , 0.053782  
1709589889 , 0.039391  
1709589895 , 0.057195  
1709589902 , 0.116098  
1709589908 , 0.170549  
1709589914 , 0.170549  
1709589920 , 0.135274  
1709589927 , -0.132363  
1709589933 , -0.253681  
1709589939 , -0.289341  
1709589945 , -0.319670  
1709589952 , -0.259835  
1709589958 , -0.229918  
1709589964 , -0.239959  
1709589970 , -0.219979  
1709589977 , -0.197490  
1709589983 , -0.186245  
1709589989 , -0.168122  
1709589995 , -0.159061  
1709590001 , -0.117031  
1709590008 , -0.071015  
1709590014 , 0.014492  
1709590020 , 0.094746  
1709590026 , 0.184873  
1709590033 , -0.070063  
1709590039 , -0.097532  
1709590045 , -0.148766  
1709590051 , -0.186883  
1709590058 , -0.143441  
1709590064 , -0.184221  
1709590070 , -0.167110  
1709590076 , -0.167110  
1709590082 , -0.133555  
1709590089 , -0.116778  
1709590095 , -0.095889  
1709590101 , -0.122944  
1709590107 , -0.123972  
1709590114 , -0.186986  
1709590120 , -0.186986  
1709590126 , -0.193493  
1709590132 , -0.196747  
1709590139 , -0.173373  
1709590145 , -0.124187  
1709590151 , -0.087093  
1709590157 , -0.006047  
1709590163 , 0.034477  
1709590170 , -0.107762  
1709590176 , 0.008619  
1709590182 , -0.058190  
1709590188 , -0.141595  
1709590195 , -0.233298  
1709590201 , -0.341649  
1709590207 , -0.383324  
1709590213 , -0.079162  
1709590220 , 0.185419  
1709590226 , 0.185419  
1709590232 , 0.255209  
1709590238 , 0.352605  
1709590245 , 0.401302  
1709590251 , 0.425651  
1709590257 , -0.037174  
1709590263 , 0.206413  
1709590270 , 0.290706  
1709590276 , -0.029647  
1709590282 , 0.085177  
1709590288 , 0.085177  
1709590294 , 0.130088  
1709590301 , 0.130088  
1709590307 , 0.130088  
1709590313 , -0.134956  
1709590319 , -0.254978  
1709590326 , -0.264989  
1709590332 , -0.269994  
1709590338 , -0.209997  
1709590344 , -0.179999  
1709590351 , -0.227499  
1709590357 , 0.023750  
1709590363 , 0.061875  
1709590369 , 0.061875  
1709590376 , 0.093438  
1709590382 , -0.053281  
1709590388 , -0.151641  
1709590394 , -0.100820  
1709590400 , -0.100820  
1709590407 , -0.000410  
1709590413 , 0.137295  
1709590419 , 0.256147  
1709590425 , 0.290574  
1709590432 , 0.295287  
1709590438 , 0.272643  
1709590444 , 0.161322  
1709590450 , 0.043161  
1709590457 , 0.043161  
1709590463 , 0.009080  
1709590469 , 0.004540  
1709590475 , 0.027270  
1709590481 , 0.026135  
1709590488 , 0.213068  
1709590494 , 0.294034  
1709590500 , -0.027983  
1709590506 , -0.263992  
1709590513 , -0.281996  
1709590519 , -0.215998  
1709590525 , 0.004501  
1709590531 , -0.072749  
1709590537 , -0.123875  
1709590544 , -0.199437  
1709590550 , -0.249719  
1709590556 , -0.312359  
1709590562 , -0.406180  
1709590569 , -0.403090  
1709590575 , -0.389045  
1709590581 , -0.369522  
1709590587 , -0.322261  
1709590593 , -0.311131  
1709590600 , -0.343065  
1709590606 , -0.409033  
1709590612 , -0.429516  
1709590618 , -0.364758  
1709590625 , -0.307379  
1709590631 , -0.291190  
1709590637 , -0.333095  
1709590643 , -0.391547  
1709590650 , -0.395774  
1709590656 , -0.410387  
1709590662 , -0.342693  
1709590668 , -0.296347  
1709590674 , -0.235673  
1709590681 , -0.217837  
1709590687 , 0.028582  
1709590693 , 0.151791  
1709590699 , 0.151791  
1709590706 , 0.288395  
1709590712 , 0.194198  
1709590718 , 0.084599  
1709590724 , -0.007701  
1709590730 , 0.033650  
1709590737 , 0.004325  
1709590743 , 0.004325  
1709590749 , -0.010338  
1709590755 , -0.092669  
1709590762 , -0.158834  
1709590768 , -0.191917  
1709590774 , -0.245959  
1709590780 , -0.297979  
1709590787 , 0.076010  
1709590793 , -0.199495  
1709590799 , 0.112753  
1709590805 , 0.231376  
1709590812 , 0.290688  
1709590818 , 0.232844  
1709590824 , 0.228922  
1709590830 , 0.126961  
1709590837 , 0.100981  
1709590843 , -0.049510  
1709590849 , -0.074755  
1709590855 , -0.099877  
1709590862 , -0.124939  
1709590868 , -0.112469  
1709590874 , -0.081235  
1709590880 , -0.090617  
1709590887 , -0.107809  
1709590893 , 0.058596  
1709590899 , -0.195702  
1709590905 , 0.102149  
1709590911 , 0.238574  
1709590918 , 0.281787  
1709590924 , 0.265894  
1709590930 , 0.232947  
1709590936 , 0.191473  
1709590943 , 0.083237  
1709590949 , -0.020882  
1709590955 , -0.097941  
1709590961 , -0.098970  
1709590968 , -0.111985  
1709590974 , -0.205993  
1709590980 , -0.190496  
1709590986 , -0.190496  
1709590992 , -0.170248  
1709590999 , -0.160124  
1709591005 , 0.094938  
1709591011 , 0.197469  
1709591017 , 0.311235  
1709591024 , 0.380617  
1709591030 , 0.415309  
1709591036 , 0.045154  
1709591042 , -0.114923  
1709591048 , -0.182461  
1709591055 , -0.253731  
1709591061 , -0.314365  
1709591067 , -0.294683  
1709591073 , -0.172341  
1709591079 , -0.073671  
1709591086 , -0.161835  
1709591092 , -0.161835  
1709591098 , 0.156582  
1709591105 , -0.134209  
1709591111 , -0.192104  
1709591117 , -0.208552  
1709591123 , -0.191776  
1709591129 , 0.004112  
1709591136 , -0.010444  
1709591142 , -0.017722  
1709591148 , -0.021361  
1709591154 , -0.035681  
1709591161 , -0.005340  
1709591167 , -0.005340  
1709591173 , -0.027670  
1709591179 , -0.001335  
1709591185 , -0.088168  
1709591192 , 0.093416  
1709591198 , 0.259208  
1709591204 , -0.107896  
1709591210 , 0.158552  
1709591216 , -0.058224  
1709591223 , -0.129112  
1709591229 , -0.177056  
1709591235 , -0.213528  
1709591242 , -0.219264  
1709591248 , -0.234632  
1709591254 , -0.242316  
1709591260 , -0.158658  
1709591267 , -0.166829  
1709591273 , -0.120914  
1709591279 , -0.120914  
1709591285 , -0.047957  
1709591292 , 0.088521  
1709591298 , 0.106761  
1709591304 , 0.115880  
1709591310 , 0.070440  
1709591316 , -0.014780  
1709591323 , -0.032390  
1709591329 , -0.032390  
1709591335 , -0.078695  
1709591341 , -0.026848  
1709591347 , 0.036576  
1709591354 , 0.055788  
1709591360 , 0.055788  
1709591366 , 0.027894  
1709591373 , 0.027894  
1709591379 , -0.036053  
1709591385 , -0.105526  
1709591391 , 0.022237  
1709591397 , 0.148618  
1709591404 , 0.286809  
1709591410 , 0.318405  
1709591416 , 0.309202  
1709591422 , 0.392101  
1709591429 , 0.096051  
1709591435 , -0.101975  
1709591441 , -0.101975  
1709591447 , -0.213487  
1709591454 , -0.231744  
1709591460 , -0.178372  
1709591466 , -0.139186  
1709591472 , -0.139186  
1709591479 , -0.044593  
1709591485 , 0.102704  
1709591491 , 0.276352  
1709591497 , -0.074324  
1709591504 , -0.224662  
1709591510 , -0.212331  
1709591516 , -0.181166  
1709591522 , -0.165583  
1709591529 , -0.107791  
1709591535 , -0.107791  
1709591541 , 0.108604  
1709591547 , 0.166802  
1709591554 , 0.158401  
1709591560 , 0.158401  
1709591566 , 0.116701  
1709591572 , 0.108350  
1709591578 , 0.104175  
1709591585 , 0.104175  
1709591591 , 0.189588  
1709591597 , 0.257294  
1709591603 , 0.153647  
1709591610 , 0.153647  
1709591616 , 0.089323  
1709591622 , 0.044662  
1709591628 , -0.190169  
1709591635 , -0.145085  
1709591641 , -0.097542  
1709591647 , -0.148771  
1709591653 , -0.111886  
1709591660 , 0.019057  
1709591666 , 0.022029  
1709591672 , 0.048514  
1709591678 , 0.036757  
1709591685 , 0.005879  
1709591691 , -0.009561  
1709591697 , -0.079780  
1709591703 , -0.079780  
1709591710 , -0.127390  
1709591716 , -0.163695  
1709591722 , -0.169348  
1709591728 , -0.184674  
1709591734 , -0.117337  
1709591741 , 0.078832  
1709591747 , 0.126916  
1709591753 , 0.163458  
1709591759 , 0.163458  
1709591766 , 0.081729  
1709591772 , 0.190864  
1709591778 , 0.157932  
1709591784 , 0.128966  
1709591791 , 0.101983  
1709591797 , 0.100992  
1709591803 , 0.062996  
1709591809 , -0.031002  
1709591816 , -0.028001  
1709591822 , -0.014001  
1709591828 , -0.007000  
1709591834 , 0.034000  
1709591841 , -0.008000  
1709591847 , 0.021000  
1709591853 , 0.073000  
1709591859 , 0.186500  
1709591866 , 0.205750  
1709591872 , 0.190375  
1709591878 , 0.195187  
1709591884 , 0.197594  
1709591891 , 0.198797  
1709591897 , 0.224398  
1709591903 , 0.237199  
1709591909 , 0.268600  
1709591915 , 0.371800  
1709591922 , 0.035900  
1709591928 , -0.132050  
1709591934 , -0.191025  
1709591940 , 0.129487  
1709591947 , 0.277244  
1709591953 , 0.376122  
1709591959 , 0.425561  
1709591965 , 0.450280  
1709591972 , 0.062640  
1709591978 , 0.156320  
1709591984 , 0.140660  
1709591990 , -0.017170  
1709591997 , 0.166415  
1709592003 , -0.129292  
1709592009 , -0.027146  
1709592015 , 0.048927  
1709592022 , 0.111963  
1709592028 , 0.118482  
1709592034 , 0.071741  
1709592040 , 0.023370  
1709592046 , 0.024185  
1709592053 , 0.024593  
1709592059 , 0.049796  
1709592065 , 0.249898  
1709592071 , 0.362449  
1709592078 , -0.068775  
1709592084 , -0.271888  
1709592090 , -0.173444  
1709592096 , -0.099222  
1709592103 , -0.099222  
1709592109 , -0.162111  
1709592115 , -0.243555  
1709592121 , -0.284278  
1709592128 , -0.267139  
1709592134 , -0.267139  
1709592140 , -0.058569  
1709592146 , 0.070715  
1709592153 , 0.135358  
1709592159 , 0.142679  
1709592165 , 0.108839  
1709592171 , -0.058080  
1709592177 , -0.141540  
1709592184 , -0.133270  
1709592190 , -0.241635  
1709592196 , -0.008318  
1709592202 , 0.070841  
1709592209 , 0.070841  
1709592215 , 0.110421  
1709592221 , -0.119790  
1709592227 , -0.122395  
1709592234 , -0.136197  
1709592240 , -0.068099  
1709592246 , -0.034049  
1709592252 , -0.017025  
1709592258 , 0.041488  
1709592265 , -0.041756  
1709592271 , -0.208378  
1709592277 , -0.208378  
1709592283 , -0.054189  
1709592290 , 0.097905  
1709592296 , 0.161453  
1709592302 , 0.180726  
1709592308 , 0.240363  
1709592314 , 0.270182  
1709592321 , 0.222591  
1709592327 , 0.286295  
1709592333 , 0.255648  
1709592339 , 0.252824  
1709592346 , 0.363912  
1709592352 , 0.006956  
1709592358 , -0.196522  
1709592364 , -0.310761  
1709592370 , -0.342881  
1709592377 , -0.296440  
1709592383 , -0.235720  
1709592389 , -0.180360  
1709592395 , -0.140180  
1709592402 , -0.095090  
1709592408 , -0.047545  
1709592414 , 0.001228  
1709592420 , 0.150614  
1709592427 , 0.287807  
1709592433 , -0.081097  
1709592439 , -0.081097  
1709592445 , -0.081097  
1709592451 , -0.228048  
1709592458 , -0.264024  
1709592464 , -0.307012  
1709592470 , -0.303506  
1709592476 , -0.289253  
1709592483 , -0.007127  
